All linear I Q ED EF
// Number of points
   101
//     p1           p2           p3           p4           k         Ei
// Type = 1            1            1            1
       .0000,       .0000,       .0000,       .0000,       1,       .0000
       .0100,       .0100,       .0100,       .0100,       2,       .0100
       .0200,       .0200,       .0200,       .0200,       3,       .0200
       .0300,       .0300,       .0300,       .0300,       4,       .0300
       .0400,       .0400,       .0400,       .0400,       5,       .0400
       .0500,       .0500,       .0500,       .0500,       6,       .0500
       .0600,       .0600,       .0600,       .0600,       7,       .0600
       .0700,       .0700,       .0700,       .0700,       8,       .0700
       .0800,       .0800,       .0800,       .0800,       9,       .0800
       .0900,       .0900,       .0900,       .0900,      10,       .0900
       .1000,       .1000,       .1000,       .1000,      11,       .1000
       .1100,       .1100,       .1100,       .1100,      12,       .1100
       .1200,       .1200,       .1200,       .1200,      13,       .1200
       .1300,       .1300,       .1300,       .1300,      14,       .1300
       .1400,       .1400,       .1400,       .1400,      15,       .1400
       .1500,       .1500,       .1500,       .1500,      16,       .1500
       .1600,       .1600,       .1600,       .1600,      17,       .1600
       .1700,       .1700,       .1700,       .1700,      18,       .1700
       .1800,       .1800,       .1800,       .1800,      19,       .1800
       .1900,       .1900,       .1900,       .1900,      20,       .1900
       .2000,       .2000,       .2000,       .2000,      21,       .2000
       .2100,       .2100,       .2100,       .2100,      22,       .2100
       .2200,       .2200,       .2200,       .2200,      23,       .2200
       .2300,       .2300,       .2300,       .2300,      24,       .2300
       .2400,       .2400,       .2400,       .2400,      25,       .2400
       .2500,       .2500,       .2500,       .2500,      26,       .2500
       .2600,       .2600,       .2600,       .2600,      27,       .2600
       .2700,       .2700,       .2700,       .2700,      28,       .2700
       .2800,       .2800,       .2800,       .2800,      29,       .2800
       .2900,       .2900,       .2900,       .2900,      30,       .2900
       .3000,       .3000,       .3000,       .3000,      31,       .3000
       .3100,       .3100,       .3100,       .3100,      32,       .3100
       .3200,       .3200,       .3200,       .3200,      33,       .3200
       .3300,       .3300,       .3300,       .3300,      34,       .3300
       .3400,       .3400,       .3400,       .3400,      35,       .3400
       .3500,       .3500,       .3500,       .3500,      36,       .3500
       .3600,       .3600,       .3600,       .3600,      37,       .3600
       .3700,       .3700,       .3700,       .3700,      38,       .3700
       .3800,       .3800,       .3800,       .3800,      39,       .3800
       .3900,       .3900,       .3900,       .3900,      40,       .3900
       .4000,       .4000,       .4000,       .4000,      41,       .4000
       .4100,       .4100,       .4100,       .4100,      42,       .4100
       .4200,       .4200,       .4200,       .4200,      43,       .4200
       .4300,       .4300,       .4300,       .4300,      44,       .4300
       .4400,       .4400,       .4400,       .4400,      45,       .4400
       .4500,       .4500,       .4500,       .4500,      46,       .4500
       .4600,       .4600,       .4600,       .4600,      47,       .4600
       .4700,       .4700,       .4700,       .4700,      48,       .4700
       .4800,       .4800,       .4800,       .4800,      49,       .4800
       .4900,       .4900,       .4900,       .4900,      50,       .4900
       .5000,       .5000,       .5000,       .5000,      51,       .5000
       .5100,       .5100,       .5100,       .5100,      52,       .5100
       .5200,       .5200,       .5200,       .5200,      53,       .5200
       .5300,       .5300,       .5300,       .5300,      54,       .5300
       .5400,       .5400,       .5400,       .5400,      55,       .5400
       .5500,       .5500,       .5500,       .5500,      56,       .5500
       .5600,       .5600,       .5600,       .5600,      57,       .5600
       .5700,       .5700,       .5700,       .5700,      58,       .5700
       .5800,       .5800,       .5800,       .5800,      59,       .5800
       .5900,       .5900,       .5900,       .5900,      60,       .5900
       .6000,       .6000,       .6000,       .6000,      61,       .6000
       .6100,       .6100,       .6100,       .6100,      62,       .6100
       .6200,       .6200,       .6200,       .6200,      63,       .6200
       .6300,       .6300,       .6300,       .6300,      64,       .6300
       .6400,       .6400,       .6400,       .6400,      65,       .6400
       .6500,       .6500,       .6500,       .6500,      66,       .6500
       .6600,       .6600,       .6600,       .6600,      67,       .6600
       .6700,       .6700,       .6700,       .6700,      68,       .6700
       .6800,       .6800,       .6800,       .6800,      69,       .6800
       .6900,       .6900,       .6900,       .6900,      70,       .6900
       .7000,       .7000,       .7000,       .7000,      71,       .7000
       .7100,       .7100,       .7100,       .7100,      72,       .7100
       .7200,       .7200,       .7200,       .7200,      73,       .7200
       .7300,       .7300,       .7300,       .7300,      74,       .7300
       .7400,       .7400,       .7400,       .7400,      75,       .7400
       .7500,       .7500,       .7500,       .7500,      76,       .7500
       .7600,       .7600,       .7600,       .7600,      77,       .7600
       .7700,       .7700,       .7700,       .7700,      78,       .7700
       .7800,       .7800,       .7800,       .7800,      79,       .7800
       .7900,       .7900,       .7900,       .7900,      80,       .7900
       .8000,       .8000,       .8000,       .8000,      81,       .8000
       .8100,       .8100,       .8100,       .8100,      82,       .8100
       .8200,       .8200,       .8200,       .8200,      83,       .8200
       .8300,       .8300,       .8300,       .8300,      84,       .8300
       .8400,       .8400,       .8400,       .8400,      85,       .8400
       .8500,       .8500,       .8500,       .8500,      86,       .8500
       .8600,       .8600,       .8600,       .8600,      87,       .8600
       .8700,       .8700,       .8700,       .8700,      88,       .8700
       .8800,       .8800,       .8800,       .8800,      89,       .8800
       .8900,       .8900,       .8900,       .8900,      90,       .8900
       .9000,       .9000,       .9000,       .9000,      91,       .9000
       .9100,       .9100,       .9100,       .9100,      92,       .9100
       .9200,       .9200,       .9200,       .9200,      93,       .9200
       .9300,       .9300,       .9300,       .9300,      94,       .9300
       .9400,       .9400,       .9400,       .9400,      95,       .9400
       .9500,       .9500,       .9500,       .9500,      96,       .9500
       .9600,       .9600,       .9600,       .9600,      97,       .9600
       .9700,       .9700,       .9700,       .9700,      98,       .9700
       .9800,       .9800,       .9800,       .9800,      99,       .9800
       .9900,       .9900,       .9900,       .9900,     100,       .9900
      1.0000,      1.0000,      1.0000,      1.0000,     101,      1.0000
 
